1668738 1183 829 52 64 32
1668739 1183 830 41 59 26
1668740 1183 831 49 62 29
1668741 1183 832 59 65 29
1668742 1183 833 36 70 32
1668743 1183 834 45 64 27
1668744 1183 835 39 68 32
1668745 1183 836 36 75 36
1668746 1183 837 32 76 34
1668747 1183 838 36 75 34
1668748 1183 839 35 74 35
1668749 1183 840 34 72 32
1668750 1183 841 29 72 32
1668751 1183 842 31 73 33
1668752 1183 843 32 72 33
1668753 1183 844 33 75 33
1668754 1183 845 36 74 30
1668755 1183 846 40 72 33
1668756 1183 847 40 64 31
1668757 1183 848 45 62 27
1668758 1183 849 34 61 25
1668839 1183 933 38 66 31
1668840 1183 934 41 76 31
1668841 1183 935 43 85 32
1668842 1183 936 37 82 31
1668843 1183 937 39 75 27
1668844 1183 938 41 79 31
1668845 1183 939 37 77 31
1668846 1183 940 38 69 30
1668847 1183 941 45 94 38
1668848 1183 942 39 91 36
1668849 1183 943 46 90 36
1668850 1183 944 39 74 21
1668851 1183 945 39 86 35
1668852 1183 946 38 79 30
1668853 1183 947 39 74 29
1668854 1183 948 38 70 28
1668855 1183 949 44 61 23
1668856 1183 950 39 65 31
1668857 1183 951 38 53 24
1668858 1183 952 35 55 23
1668859 1183 953 34 59 25
1669028 1183 1148 29 40 15
1669029 1183 1149 25 40 17
1669030 1183 1150 35 61 31
1669031 1183 1151 34 65 29
1669032 1183 1152 34 64 28
1669033 1183 1153 35 64 28
1669034 1183 1154 29 62 27
1669035 1183 1155 27 57 23
1669036 1183 1156 28 35 13
1669037 1183 1157 16 19 10
1669038 1183 1158 30 49 18
1669039 1183 1159 29 44 16
1669040 1183 1160 49 91 38
1669041 1183 1161 38 64 26
1669042 1183 1162 36 58 27
1669043 1183 1163 42 79 31
1669044 1183 1164 39 59 19
1669045 1183 1165 44 57 26
1669046 1183 1166 39 63 28
1669047 1183 1167 33 62 23
1669048 1183 1168 35 50 14
569998 347 55 69 89 44
569999 347 56 69 82 37
570000 347 57 71 88 44
570001 347 58 74 92 49
570002 347 59 73 85 44
570003 347 60 73 83 41
570004 347 61 69 84 42
570005 347 62 60 82 38
570006 347 63 62 84 39
570007 347 64 70 89 44
570008 347 65 76 92 47
570009 347 66 73 85 39
570010 347 67 68 89 43
570011 347 68 56 80 36
570012 347 69 58 78 36
570013 347 70 61 69 30
570014 347 71 66 72 37
570015 347 72 65 83 43
570016 347 73 76 84 40
570017 347 74 72 81 39
570018 347 75 65 80 40
570019 347 76 65 82 36
570020 347 77 53 59 32
570021 347 78 32 33 20
570022 347 79 41 48 26
570023 347 80 44 63 30
570024 347 81 54 78 34
570025 347 82 65 77 36
570026 347 83 38 64 26
570027 347 84 35 73 31
570028 347 85 32 70 26
570029 347 86 36 77 29
570030 347 87 55 93 42
570031 347 88 59 85 35
570032 347 89 55 82 34
570033 347 90 58 86 38
570034 347 91 68 85 37

