10 41 166 82 100 62
11 41 167 80 93 57
12 42 167 80 98 61
13 43 167 79 96 58
14 43 168 80 96 58
15 44 167 78 94 55
16 44 168 78 96 58
17 45 168 80 97 59
18 46 169 79 94 57
19 47 169 80 97 60
20 47 170 76 93 58
21 48 170 76 94 60
22 49 303 17 20 6
23 50 302 16 19 4
24 50 303 17 21 6
180379 675 716 90 110 66
180380 675 717 90 110 66
180381 675 718 89 110 65
180382 675 719 87 109 64
180383 675 720 86 109 63
180384 675 721 84 108 62
180385 675 722 85 108 63
180386 675 723 86 108 64
180387 675 724 84 107 63
180388 675 725 83 106 62
242603 776 1270 51 47 26
242604 776 1271 48 43 22
242605 776 1343 38 36 15
242606 776 1344 39 34 20
242607 776 1351 33 30 17
242608 776 1378 28 23 14
242609 776 1379 30 24 16
242610 776 1380 30 24 15
242611 776 1381 29 24 15
242612 776 1382 31 26 16
242613 776 1383 30 25 15
242614 776 1384 30 26 16
242615 776 1385 30 26 16
242616 776 1386 28 25 14
242617 776 1387 28 25 14
242618 776 1388 28 26 15
242619 776 1389 26 24 14
242620 776 1390 28 27 16
242621 776 1391 26 26 15
314751 879 462 61 79 47
314752 879 463 61 79 47
314753 879 464 60 78 46
314754 879 465 60 78 46
314755 879 466 56 75 47
314756 879 467 55 70 46
314757 879 468 51 69 33
314758 879 523 61 77 45
314759 879 528 67 83 41
314760 879 529 66 82 50
314761 879 530 74 82 49
314762 879 531 73 80 47
314763 879 532 78 81 47
314764 879 533 69 83 49
314765 879 557 84 84 51
314766 879 558 87 88 53
314767 879 559 88 91 55
314768 879 560 88 91 55
363457 951 560 61 77 46
363458 951 561 61 76 46
363459 951 562 61 77 47
363460 951 563 61 77 47
363461 951 564 62 78 47
363462 951 565 63 79 47
363463 951 566 64 80 48
363464 951 567 64 80 48
363465 951 568 63 79 47
363466 951 569 62 78 46
363467 951 570 63 79 46
402223 1011 664 57 67 40
402224 1011 665 55 64 38
402225 1011 666 55 64 37
402226 1011 667 54 63 36
402227 1011 668 54 63 36
402228 1011 669 54 63 37
402229 1011 670 52 62 36
402230 1011 671 53 64 38
402231 1011 672 53 64 37
402232 1011 673 54 64 37
402233 1011 674 54 65 37
402234 1011 675 53 65 37
402235 1011 676 54 66 38
402236 1011 677 54 66 38
402237 1011 678 55 67 39
402238 1011 679 51 62 35
402239 1011 680 49 59 33
402240 1011 681 50 59 35
402241 1011 682 50 59 35
402242 1011 683 48 57 33
402243 1011 684 47 56 32
402244 1011 685 46 54 30
402296 1011 772 87 92 53
402297 1011 773 87 92 53
402298 1011 774 86 91 52
402299 1011 775 86 90 51
402300 1011 776 86 90 51
